0.000000000000000000e+00 -2.350825640519052517e-01 -7.142056078431864574e-02 5.144451532702181383e-03 -3.481776533328828269e-04 1.113784599505336041e-03 5.419383849953171919e-03 4.072858538562779064e-04 2.006560590396167399e-03 -9.896815219829311217e-04
1.000000000000000056e-01 1.230267683592956851e-01 5.003230930080614092e-02 8.664492481739177396e-03 -2.401180588115020553e-02 -5.281706085468174799e-03 -1.382121981379907764e-02 -6.731463481299097829e-03 -9.924976868706258254e-03 -8.927671355463075512e-03
2.000000000000000111e-01 -1.718426699609513497e-01 -4.963768499613306628e-02 3.224760272154031382e-02 2.969102383939024176e-03 -1.644077396103715838e-02 -1.968622785059092120e-02 -1.628904564275465011e-02 -1.795271293736291560e-02 -1.727486237657530413e-02
3.000000000000000444e-01 -3.311811650824059150e-02 -1.512198328990964347e-01 -3.074165738162682598e-02 -2.966520882766075784e-03 -1.983195567179291824e-02 -1.873324774298511589e-02 -1.556942757855704976e-02 -1.973006151827937787e-02 -2.177180975563849930e-02
4.000000000000000222e-01 -6.428126431415034925e-02 -1.429566519161449278e-01 1.478091371050983469e-02 -2.290416731687651072e-02 -1.944233122492931148e-02 -3.212564790036527562e-02 -1.821078196768893820e-02 -2.016469393839087978e-02 -2.220726470224756652e-02
5.000000000000000000e-01 -5.633769383355950039e-02 -5.530453534095369772e-02 -9.379913216608640192e-02 5.748642154511186819e-03 -1.813817126222313364e-02 -2.587270596907480930e-02 -2.276551244265014040e-02 -2.173104496651520265e-02 -2.030687455131165511e-02
6.000000000000000888e-01 -5.259829885688319107e-02 -3.349921132197149209e-02 -1.947911658412610283e-02 -3.693695097319574586e-03 -2.756100106973743968e-02 -1.222466628226661668e-02 -1.525968369845234762e-02 -1.895840500446504054e-02 -1.700731999489557902e-02
7.000000000000000666e-01 1.489798648342923471e-01 -9.340582970010352648e-02 -2.882182819885404507e-02 -2.102227892788107941e-02 -4.435471046009394069e-03 -1.077644366037404725e-02 -1.037265102033887998e-02 -1.273802090891390862e-02 -1.330269911753702468e-02
8.000000000000000444e-01 -7.991454217855505082e-02 -8.540205450720317337e-02 6.776083894852839851e-04 -2.920007496783855010e-03 -5.659431039274567463e-03 -1.417960288954450525e-02 -3.078543186264878946e-03 -5.890254267944637981e-03 -5.159531852327503901e-03
9.000000000000000222e-01 -8.693228531608096499e-02 -3.502593989984525980e-02 2.048561935419071153e-02 2.126539485188287670e-02 4.888937596260033852e-04 8.541148232952317301e-03 7.795439986154471812e-03 3.150190750792738938e-03 3.785402667495369952e-03
1.000000000000000000e+00 -9.004929589755740482e-02 -1.762644800987234195e-02 -5.086807653034271237e-02 2.378010851559285779e-02 2.211543445143272085e-02 1.765823320404229235e-02 9.845229115437958284e-03 1.681115826292537557e-02 1.589381158793539556e-02
1.100000000000000089e+00 1.463975907118152398e-01 3.331653037267538059e-02 -5.636376157319343549e-03 2.804623952136200624e-02 2.999390014792890219e-02 2.525626406216555792e-02 3.042652661286612131e-02 2.766357524079653130e-02 2.758187054914210123e-02
1.200000000000000178e+00 9.461169957275566977e-02 6.536716674196997590e-02 6.258896333151114932e-02 3.536285817358977845e-02 3.288689150054537047e-02 4.159665555902237327e-02 4.800458424497029697e-02 4.462213486349480424e-02 4.102379825355922938e-02
1.300000000000000044e+00 7.347959770846446137e-02 2.208090579306017098e-01 2.613989874461611351e-02 7.494851756801942932e-02 5.669596156984559043e-02 5.695891765033783694e-02 6.008371289651110586e-02 5.459750725828431406e-02 5.571471530597711663e-02
1.400000000000000133e+00 1.568700595437965140e-01 1.078293220344356540e-01 5.822138119249149757e-02 6.021274840661618166e-02 6.315572872716754271e-02 6.863090712440271524e-02 7.146570505409183260e-02 6.997895299581571860e-02 7.119990383017776869e-02
1.500000000000000000e+00 -6.037814342651076638e-02 6.568336102498555096e-02 2.747157815075963044e-02 8.518892822347577665e-02 8.000174545944192805e-02 8.324987775638965914e-02 8.899773614518839693e-02 8.456089731584064129e-02 8.428122786451959503e-02
1.600000000000000089e+00 1.616192029196529822e-01 5.312822133211073106e-02 1.975536863819783162e-01 9.851835762951882680e-02 1.040238054384917399e-01 1.022968075763438928e-01 9.992815404212841701e-02 1.030138735777908210e-01 1.025001353722971575e-01
1.700000000000000178e+00 1.100774351501426218e-01 1.264942530285468325e-01 1.031518745220976474e-01 1.376038544214197856e-01 1.220876525466050994e-01 1.085307225388505992e-01 1.131198407951471419e-01 1.178200394792417588e-01 1.171337589308008437e-01
1.800000000000000044e+00 9.788285948511012136e-02 2.031160809012583779e-01 1.101194156344046521e-01 1.429759468508749742e-01 1.319537984689442833e-01 1.278418216925299722e-01 1.357279842516321833e-01 1.334936252074297447e-01 1.324520432442124473e-01
1.900000000000000133e+00 2.777839328181757050e-01 1.067990671588621154e-01 1.269294022140930456e-01 1.338988491721016527e-01 1.644252972218775699e-01 1.440793082614902354e-01 1.478721130502579917e-01 1.478429488537158498e-01 1.480347070082499994e-01
2.000000000000000000e+00 1.329216498640677369e-01 1.149903787005448486e-01 1.394322206607824521e-01 1.732791683552981354e-01 1.590394233761710518e-01 1.563590374060761512e-01 1.635886637401674226e-01 1.579104059915817648e-01 1.607025806375362020e-01
2.100000000000000089e+00 3.752734398655745984e-01 1.702984286294583205e-01 1.646872126472917475e-01 1.709474626022371990e-01 1.888500756982772755e-01 1.747861622489952083e-01 1.703786690501727652e-01 1.698248445782039040e-01 1.710320209902990163e-01
2.200000000000000178e+00 7.820846764425852526e-02 1.018071926589006609e-01 2.535221972807844004e-01 1.775067621317197863e-01 1.841212968610466127e-01 1.934826965244820507e-01 1.883618800204057142e-01 1.879618812887006163e-01 1.841152302497898741e-01
2.300000000000000266e+00 1.175145319975983565e-01 2.369696190951662285e-01 2.458618775463244088e-01 2.016473927914830266e-01 2.019157199539557412e-01 1.841205390813563936e-01 1.932097578564804519e-01 1.935598702479268685e-01 1.944703924423760166e-01
2.400000000000000355e+00 1.583935515698572938e-01 2.062954968853808746e-01 2.422624943873502024e-01 1.886093701400964329e-01 2.184391285302799135e-01 2.067007861457011708e-01 1.984648185394000119e-01 2.013602746267100230e-01 2.016144681830983609e-01
2.500000000000000000e+00 2.670333059740142567e-01 2.273386365622558081e-01 1.891630295811959628e-01 2.231241076438602589e-01 2.042314119100381298e-01 2.158510095404172491e-01 2.046129208131955424e-01 2.057296355414846845e-01 2.034900960533913838e-01
2.600000000000000089e+00 2.381285532095179791e-01 1.957661402529931594e-01 2.647771470626366086e-01 2.248506025048609136e-01 2.071531150476551009e-01 2.097483290608739004e-01 2.040102230465453692e-01 2.067484994498748341e-01 2.089847906778119491e-01
2.700000000000000178e+00 1.500076545930591476e-01 1.537183376883531905e-01 2.144610752978809987e-01 2.115334526882406696e-01 1.998495872864921863e-01 2.067759842209879462e-01 2.109654118826461699e-01 2.077115769225075792e-01 2.091378715892423246e-01
2.800000000000000266e+00 1.957124787405353783e-01 2.610503097188645039e-01 2.124489791478788581e-01 2.109821750691065201e-01 2.066458018086284598e-01 2.199994659685813037e-01 2.125854426754053561e-01 2.084615808086898170e-01 2.080482479948833618e-01
2.900000000000000355e+00 2.392218677674939342e-01 1.513491631770046697e-01 1.507238811769964770e-01 1.863359791334168181e-01 1.978768135976898268e-01 1.941510876525397722e-01 2.012087502352630786e-01 2.030161719927709718e-01 2.015963587136265500e-01
3.000000000000000000e+00 3.672438395728232496e-01 2.210463248977939665e-01 2.140613949210975753e-01 2.149161187218400493e-01 2.027159288757919287e-01 1.962648774622674508e-01 1.970139438955095246e-01 1.924916123085554098e-01 1.964427648426960993e-01
3.100000000000000089e+00 2.299295188159866388e-01 1.844630352010448171e-01 1.648199127185907276e-01 1.679492773222540647e-01 1.753470769240705052e-01 1.898395136078837031e-01 1.826493532834398970e-01 1.861462631156867442e-01 1.861531994517242050e-01
3.200000000000000178e+00 7.089240691189513388e-02 2.353944258381214238e-01 1.827874738187447168e-01 1.341106178815492933e-01 2.032105814572823521e-01 1.747380453385613819e-01 1.695924890036575872e-01 1.721078607052316245e-01 1.714429570657819701e-01
3.300000000000000266e+00 1.994396111131826188e-01 1.783338615040966912e-01 1.268262396288167837e-01 1.573975922635191538e-01 1.499677551066833092e-01 1.612864490026270081e-01 1.619259418226746128e-01 1.550713261774316343e-01 1.554527775293427505e-01
3.400000000000000355e+00 2.043397387905397933e-01 2.165663953746746473e-01 1.565879612683680200e-01 1.300319252175854701e-01 1.405751904134057428e-01 1.301756224259001948e-01 1.273067841753666996e-01 1.364553021316635140e-01 1.381091237420734585e-01
3.500000000000000000e+00 5.416863569520524724e-02 1.050684258018394907e-01 3.034147182358923334e-02 9.999349010931196657e-02 1.155334749677583706e-01 1.176539678532372707e-01 1.161417960281526524e-01 1.110871119434640314e-01 1.136978966794227053e-01
3.600000000000000089e+00 2.001564117759124795e-01 -4.575863612658381818e-03 1.070680684479862754e-01 1.208601062260766523e-01 9.559853748769937820e-02 9.481088502810396113e-02 8.712108810171899365e-02 8.890497629884575037e-02 8.781012283035358190e-02
3.700000000000000178e+00 -3.557313355868496618e-02 -2.769397789109478980e-03 6.610305967875587663e-02 3.943227505677379674e-02 6.297793036266348399e-02 6.148959061361906897e-02 6.364362706600454334e-02 6.177154519450871878e-02 6.051843830558834708e-02
3.800000000000000266e+00 3.429593112931163951e-02 8.603497847913207930e-02 3.551363371475303732e-02 4.286915397803497951e-02 2.472347161932556686e-02 3.841003520485840317e-02 3.028476697243118534e-02 2.757858898212365781e-02 3.195606344309886299e-02
3.900000000000000355e+00 5.489669024955358412e-02 1.482986354585247996e-02 5.156958044397045617e-03 -1.212259367081493927e-02 -4.664202257944655323e-03 -2.818741559737192402e-03 -6.689169743937276383e-03 -2.764308873712731547e-03 -1.635372088380156880e-03
4.000000000000000000e+00 2.574684276795090321e-02 -1.123271975371796516e-01 2.497794298033512161e-03 -4.013984826098798697e-02 -4.456344251195052536e-02 -3.948048916736768971e-02 -4.460734200301610247e-02 -3.439613283632970975e-02 -3.943165567983145103e-02
4.100000000000000533e+00 -1.353639357693866563e-01 2.847932724993447462e-02 -1.079740280230856164e-01 -6.694112741240788866e-02 -8.018004077319394740e-02 -6.916108004338994419e-02 -7.298027762229461479e-02 -7.765820868595489646e-02 -7.541190465639847906e-02
4.200000000000000178e+00 -1.081228895928097733e-01 -7.798511998130464029e-02 -9.972969882192331270e-02 -1.316810018423219542e-01 -1.206978773101507613e-01 -1.138178685902291321e-01 -1.150605388014803582e-01 -1.154309605775950820e-01 -1.131926875340710653e-01
4.299999999999999822e+00 -8.631833293374448213e-02 -1.854572295972241602e-01 -1.597412478327087104e-01 -1.750368678675202905e-01 -1.605679263925545441e-01 -1.712885881611809491e-01 -1.554347136585493006e-01 -1.559720190216735136e-01 -1.574931030252943454e-01
4.400000000000000355e+00 -3.761601371221207080e-01 -2.600219381811073038e-01 -2.283368807358473473e-01 -2.273672126199100529e-01 -2.107404742513315776e-01 -2.043634058906373674e-01 -2.012974178895717559e-01 -1.997657462217718727e-01 -2.002383920072627610e-01
4.500000000000000000e+00 -4.404775050149473126e-02 -1.799419295835695265e-01 -2.225718852513443591e-01 -2.236588727688008649e-01 -2.450975913192964817e-01 -2.394219303542055588e-01 -2.468256430094766529e-01 -2.416178797630181285e-01 -2.450486899919222528e-01
4.600000000000000533e+00 -2.293859160694253219e-01 -3.361564420012465582e-01 -2.891313836057428643e-01 -2.864439067832746377e-01 -2.791813872354256265e-01 -2.831995147374809507e-01 -2.953525828103084616e-01 -2.891859273113232542e-01 -2.912202676620223585e-01
4.700000000000000178e+00 -3.301083094052349454e-01 -2.768645026968585832e-01 -3.297376994112614090e-01 -3.615125815724556380e-01 -3.307674689009402202e-01 -3.286321424460362239e-01 -3.313454010785996662e-01 -3.359599535332796760e-01 -3.352158607197013307e-01
4.800000000000000711e+00 -5.285257440753342584e-01 -3.433398022555903539e-01 -3.693617673576152227e-01 -3.653830571905121172e-01 -3.807395152548048167e-01 -3.832384372236633530e-01 -3.840210573335369748e-01 -3.851245946240948181e-01 -3.815701983490251137e-01
4.900000000000000355e+00 -5.339364146802905164e-01 -4.082230190418285054e-01 -4.523042957615893145e-01 -4.119053256207252378e-01 -4.271250075541836999e-01 -4.234379937297555463e-01 -4.313166193428782380e-01 -4.275094139532036319e-01 -4.304271843403477682e-01
5.000000000000000000e+00 -3.444312133956791699e-01 -4.551990163023484359e-01 -5.414320405096241240e-01 -4.532791136296042689e-01 -4.860074166060056045e-01 -4.775946982254522521e-01 -4.782982298448978931e-01 -4.757297085951390225e-01 -4.761426241055252140e-01
5.100000000000000533e+00 -5.791960022848645639e-01 -4.676599816549886768e-01 -4.641836943985432340e-01 -5.283788947409516767e-01 -5.256038770566111573e-01 -5.170319848794601159e-01 -5.190314782648597358e-01 -5.226628017282907157e-01 -5.220937493935302598e-01
5.200000000000000178e+00 -4.344921232984716442e-01 -5.577349875439927551e-01 -5.926264178986200282e-01 -5.688023053344868352e-01 -5.914345298952948804e-01 -5.739662034414408920e-01 -5.658159795585752105e-01 -5.696459044036804586e-01 -5.685804959643054879e-01
5.300000000000000711e+00 -6.799875744429014768e-01 -6.721888376107227892e-01 -5.872928978465762340e-01 -6.217463276518963022e-01 -6.042573734057261614e-01 -6.131173537785788996e-01 -6.129392684319707740e-01 -6.146192530363712159e-01 -6.154801119110147045e-01
5.400000000000000355e+00 -7.558658560547091287e-01 -7.311064321799637389e-01 -6.418046621072269753e-01 -6.462397234403030044e-01 -6.619994091093864830e-01 -6.551229002544159963e-01 -6.550589951980626546e-01 -6.588018710283781720e-01 -6.567775383957229485e-01
5.500000000000000000e+00 -5.667056220438126957e-01 -6.091216720978626098e-01 -7.562453585150956670e-01 -7.148291014623905371e-01 -7.057462773117343380e-01 -6.932612353599261201e-01 -6.980937856000671848e-01 -6.992014607011879379e-01 -7.012269248246613129e-01
5.600000000000000533e+00 -5.979934259065586843e-01 -6.682706987234854346e-01 -7.076967302265312343e-01 -7.657967088993041793e-01 -7.418601175321432040e-01 -7.321729954341403834e-01 -7.459778646469729102e-01 -7.442127891821810337e-01 -7.411690352012989536e-01
5.700000000000000178e+00 -7.540639482676992911e-01 -7.986600219357257169e-01 -7.615083078315862952e-01 -7.689910147433515197e-01 -7.660027609922814840e-01 -7.837299054321751335e-01 -7.810963670644627266e-01 -7.825069653429815864e-01 -7.825358935761331791e-01
5.800000000000000711e+00 -9.838613361057153561e-01 -8.448575860087856881e-01 -8.406590801851484551e-01 -8.119235157439466111e-01 -8.130133780894035489e-01 -8.147548364367093177e-01 -8.177719634171327634e-01 -8.191732430171333457e-01 -8.168363416385097109e-01
5.900000000000000355e+00 -9.046693959339815461e-01 -7.291302641382525485e-01 -7.861790569129764039e-01 -8.792911627178040535e-01 -8.557592966310851867e-01 -8.435367627800096635e-01 -8.574572475017228079e-01 -8.506694835840533653e-01 -8.529193206420014883e-01
6.000000000000000000e+00 -7.836933372961685240e-01 -8.961535734567480649e-01 -8.801379540451037542e-01 -8.763892303455627086e-01 -8.819484890624809115e-01 -8.864365334695719634e-01 -8.836395473034409642e-01 -8.847171051640803086e-01 -8.844492916494732793e-01
6.100000000000000533e+00 -7.197542188793863982e-01 -8.896014956973925525e-01 -9.241428342321218459e-01 -9.158105563300467100e-01 -9.211274252761283421e-01 -9.163631111261080209e-01 -9.146058717117429016e-01 -9.130160558757650646e-01 -9.159553190714546655e-01
6.200000000000000178e+00 -9.339422350079255031e-01 -9.917035189813760976e-01 -8.960685096558888008e-01 -9.438708692958991398e-01 -9.500073335846628275e-01 -9.387756516034856391e-01 -9.416923637010310433e-01 -9.402643729524645666e-01 -9.414602135658943771e-01
6.300000000000000711e+00 -8.629828567855803989e-01 -1.004158935332932545e+00 -1.005931531549849378e+00 -1.004875719631687314e+00 -9.555489025003596204e-01 -9.704440207299996901e-01 -9.702551303782700476e-01 -9.684883306618585763e-01 -9.649223422846737730e-01
6.400000000000000355e+00 -1.027899008349605126e+00 -1.077536766620160957e+00 -9.733570702036085098e-01 -1.012565470159021874e+00 -9.995687251527126671e-01 -9.935206285392094161e-01 -9.919804956065018109e-01 -9.868122121837169525e-01 -9.846417724358172974e-01
6.500000000000000000e+00 -8.500106045454485226e-01 -9.447694726654890518e-01 -1.029192160033860270e+00 -1.006875711355277758e+00 -1.010995923525932483e+00 -9.914941429403300033e-01 -1.010012299906330790e+00 -1.003999338615993997e+00 -1.005480601162823895e+00
6.600000000000000533e+00 -1.392793611869478587e+00 -9.892971247676870528e-01 -1.008268552000845197e+00 -1.015002088634034516e+00 -1.026301475870531554e+00 -1.015455069314041170e+00 -1.023678584943621184e+00 -1.022697528355875018e+00 -1.019761074583170002e+00
6.700000000000000178e+00 -1.095095113950260268e+00 -1.036489932205541864e+00 -1.015225049113395617e+00 -1.037335329061379152e+00 -1.041411602617737575e+00 -1.036450021695959123e+00 -1.028684612403671927e+00 -1.036335996904920842e+00 -1.031494116195845523e+00
6.800000000000000711e+00 -1.042955010968768192e+00 -1.146725364745174280e+00 -1.026873161615315277e+00 -1.049232973066137387e+00 -1.030133243888640360e+00 -1.044383523182687235e+00 -1.041307496955709677e+00 -1.045385395275457041e+00 -1.042672301399262480e+00
6.900000000000000355e+00 -9.944311567800401264e-01 -1.037536007252655823e+00 -1.051223841038076534e+00 -1.042487541651014205e+00 -1.038562056942753387e+00 -1.051802401816435140e+00 -1.045322171964483182e+00 -1.049448436631249981e+00 -1.048461182208304310e+00
7.000000000000000000e+00 -1.152660517434009435e+00 -1.125469329137014807e+00 -1.034799234208686469e+00 -1.068154227711474835e+00 -1.037175652585367036e+00 -1.054240660292821596e+00 -1.049245081294589710e+00 -1.050773373011949730e+00 -1.050377622169300640e+00
7.100000000000000533e+00 -9.478664747335012741e-01 -1.017262400875824202e+00 -1.037261647638932693e+00 -1.032381335463326444e+00 -1.053225490680275378e+00 -1.052457878529890589e+00 -1.052892525010197700e+00 -1.051775769262078608e+00 -1.053917902793678918e+00
7.200000000000000178e+00 -1.104408046098691365e+00 -1.053343962155363744e+00 -1.024830790026772132e+00 -1.042504018749511374e+00 -1.052189129425483038e+00 -1.047085858301484818e+00 -1.049995031197186179e+00 -1.051929425647405658e+00 -1.049241295953094122e+00
7.300000000000000711e+00 -1.086200377917788673e+00 -1.034140285594715047e+00 -1.050435640768116352e+00 -1.052713200683296879e+00 -1.043410918194159764e+00 -1.048533174119568478e+00 -1.044111869030462492e+00 -1.047192977443614170e+00 -1.046500655358412413e+00
7.400000000000000355e+00 -1.126486172366769622e+00 -1.026278593882514523e+00 -1.051544078511185587e+00 -1.028349970883014830e+00 -1.025151995695637863e+00 -1.041421714424564771e+00 -1.039505378116204914e+00 -1.036874133570095058e+00 -1.038134858600288979e+00
7.500000000000000000e+00 -8.857803182673243958e-01 -1.129417613899330819e+00 -9.886697098147144702e-01 -1.009193062725368017e+00 -1.020565788242084215e+00 -1.030666521623228471e+00 -1.027091059620314661e+00 -1.029432643860569652e+00 -1.029315478968941822e+00
7.600000000000000533e+00 -1.090755674025044808e+00 -1.144785759561056659e+00 -1.036581540736031704e+00 -1.054880858481850536e+00 -1.031134793396522031e+00 -1.014165882894441539e+00 -1.017777929882036636e+00 -1.016804341275266532e+00 -1.018180497416099950e+00
7.700000000000000178e+00 -1.160302514445828104e+00 -9.737695272303247274e-01 -1.059111674733175912e+00 -1.025485343388356840e+00 -9.944641759467470754e-01 -1.011957502924663022e+00 -1.008139001467648344e+00 -1.005851355858098373e+00 -1.005728299678356308e+00
7.800000000000000711e+00 -1.199319793743885532e+00 -9.876231163585726947e-01 -9.300394346463910500e-01 -9.909544657598531314e-01 -9.870681196122730316e-01 -1.001581793222348749e+00 -9.937337619042048154e-01 -9.930591441785054929e-01 -9.884931188269753255e-01
7.900000000000000355e+00 -1.057266947003454804e+00 -9.457586992792580416e-01 -9.958659451818066000e-01 -9.461072587932387590e-01 -9.746093474472976581e-01 -9.819463845596105855e-01 -9.765805982316323464e-01 -9.771470164308019291e-01 -9.741481440137277348e-01
8.000000000000000000e+00 -1.033629624245219203e+00 -9.614321860845852497e-01 -9.379264580964835618e-01 -9.748672413968580974e-01 -9.743181076823369535e-01 -9.559695597848679727e-01 -9.578476523870047554e-01 -9.592723917519194732e-01 -9.588911433682349994e-01
8.099999999999999645e+00 -7.717470174542550021e-01 -9.535065873898188604e-01 -9.245403317011110511e-01 -9.372323016490087255e-01 -9.661530413695864627e-01 -9.400706270451731905e-01 -9.405761806229431254e-01 -9.394765176792680972e-01 -9.420020916414756362e-01
8.200000000000001066e+00 -9.975268807053594422e-01 -9.675346108701636805e-01 -8.802921311252034364e-01 -9.137589877039264952e-01 -9.383607649366341175e-01 -9.273923162074254600e-01 -9.215059514404386753e-01 -9.220714288023055261e-01 -9.245675854538042415e-01
8.300000000000000711e+00 -9.708708812191959581e-01 -9.561440424958247419e-01 -8.792087655955802550e-01 -9.155998878477356051e-01 -9.014312541981125415e-01 -9.043379577419964344e-01 -9.059898676155598851e-01 -9.051192224229597239e-01 -9.044023933192797404e-01
8.400000000000000355e+00 -8.833277791131797230e-01 -8.505070875251946605e-01 -8.901633673147461012e-01 -8.982115693621264274e-01 -8.999111226458933466e-01 -8.926215506002860289e-01 -8.880695597702908950e-01 -8.888260907310249204e-01 -8.868146805965531065e-01
8.500000000000000000e+00 -7.883193688375268460e-01 -8.302710873752023879e-01 -9.153220720665148358e-01 -8.807047210075101829e-01 -8.784730816493183658e-01 -8.639324669711667681e-01 -8.703878797838672243e-01 -8.708568492940702566e-01 -8.689821915056127333e-01
8.599999999999999645e+00 -9.868365056316908968e-01 -7.952527147937501484e-01 -8.794479559741751329e-01 -8.708275662103540649e-01 -8.702336379948000245e-01 -8.555838120916177125e-01 -8.502893512177001067e-01 -8.531773586759698880e-01 -8.516857596824207732e-01
8.700000000000001066e+00 -8.674280356668824243e-01 -8.625863012167465094e-01 -8.126926376082747039e-01 -8.350549838890432008e-01 -8.313901335182697361e-01 -8.371761682715891384e-01 -8.328436889469453819e-01 -8.369232432392316179e-01 -8.345165208005290713e-01
8.800000000000000711e+00 -6.321054454174531712e-01 -8.814539214678192014e-01 -8.546720323217681381e-01 -8.180002159079646784e-01 -8.065646622746830419e-01 -8.221561251572454543e-01 -8.139262760898280380e-01 -8.177654672798478908e-01 -8.187853045693996856e-01
8.900000000000000355e+00 -7.589094880506511709e-01 -8.786123468628073141e-01 -8.143642022936977698e-01 -8.111316727745865318e-01 -8.054439177476896417e-01 -8.173705555561326941e-01 -8.082488648646652951e-01 -8.042449483792556419e-01 -8.044292361985948547e-01
9.000000000000000000e+00 -8.113120992485102212e-01 -7.691969203437020175e-01 -8.276939230465442110e-01 -8.153702184859213942e-01 -7.847954523071597466e-01 -7.798485359861760946e-01 -7.938138775984778794e-01 -7.934515809301978528e-01 -7.925962022375332428e-01
9.099999999999999645e+00 -7.084362903325229777e-01 -7.418871293909705678e-01 -7.934744478761253106e-01 -7.974501791470055556e-01 -7.830930195080427758e-01 -7.949159885297658601e-01 -7.845795645667469342e-01 -7.821426889774575342e-01 -7.834845766412815715e-01
9.200000000000001066e+00 -8.095494978607198355e-01 -6.867163127970853376e-01 -7.594794677312969311e-01 -7.673907907689893060e-01 -7.805092849737444993e-01 -7.877839517697454719e-01 -7.776926332750158100e-01 -7.716094416426957370e-01 -7.724018087226400819e-01
9.300000000000000711e+00 -6.879068571336420801e-01 -7.578495190392467995e-01 -7.534378051000515386e-01 -7.655795996399786807e-01 -7.661810288222281606e-01 -7.635755325843477381e-01 -7.703416396501244767e-01 -7.646133912422405920e-01 -7.635944643813786792e-01
9.400000000000000355e+00 -7.266572610748969208e-01 -7.047883665244549789e-01 -7.725344484724954164e-01 -8.074106025901783834e-01 -7.771492170981626479e-01 -7.585506804600996578e-01 -7.604116037014592155e-01 -7.608645420260949921e-01 -7.593946282634355116e-01
9.500000000000000000e+00 -7.847887322457161030e-01 -7.801259297223921418e-01 -7.815250772853316041e-01 -8.036477851645323911e-01 -7.455657407683322635e-01 -7.548546140985876729e-01 -7.593519497280147856e-01 -7.582087326029396390e-01 -7.577741185967331594e-01
9.600000000000001421e+00 -6.538492596016067804e-01 -7.976277025637339424e-01 -8.023640911256917363e-01 -7.398692716059240837e-01 -7.568173991268182244e-01 -7.538354640015857422e-01 -7.561930494664120816e-01 -7.598142883852846419e-01 -7.588626798279306529e-01
9.700000000000001066e+00 -8.815536430533311707e-01 -8.619731931565752792e-01 -7.630956006518092583e-01 -7.804506251225376001e-01 -7.724685712348602351e-01 -7.585527444999814461e-01 -7.639521734053170698e-01 -7.594313456228786174e-01 -7.603547934953480691e-01
9.800000000000000711e+00 -7.240182705360598270e-01 -7.896947561294560547e-01 -7.483332937781209671e-01 -7.482054579375450043e-01 -7.806724983515006544e-01 -7.698108799572209726e-01 -7.637301156286946391e-01 -7.667910727763833645e-01 -7.661222392386481950e-01
9.900000000000000355e+00 -7.449210409310277337e-01 -8.371017878351693087e-01 -7.492428714160791481e-01 -7.655821035748829884e-01 -7.742362901968591338e-01 -7.772604864415089132e-01 -7.692107038835045429e-01 -7.772931892374620455e-01 -7.722593154753253364e-01
1.000000000000000000e+01 -7.441577608890254103e-01 -8.579702846732818466e-01 -7.568363515219901361e-01 -7.898864879837240727e-01 -8.018056717491242047e-01 -7.843992292218845419e-01 -7.842079585988004364e-01 -7.815970894329566931e-01 -7.819567647547305267e-01
